203
406
174
447
355
359
296
497
285
258
179
437
338
481
232
227
214
118
305
115
158
22
397
52
228
374
113
146
52
110
475
254
367
500
200
73
358
347
69
143
104
100
431
442
80
162
20
293
132
324
259
141
197
155
44
425
380
156
422
431
118
248
184
336
247
235
409
456
82
477
450
37
428
381
330
7
394
350
151
25
25
409
165
222
416
208
146
295
216
419
226
185
18
261
20
264
348
280
71
429
257
21
317
184
401
147
43
294
348
45
171
372
306
335
93
221
395
90
367
462
8
444
498
377
57
369
140
404
149
211
184
257
83
500
440
483
146
334
128
493
231
298
217
36
485
309
108
231
399
326
44
258
270
41
135
326
409
126
81
409
188
264
165
270
263
457
104
261
290
232
105
372
381
321
259
217
482
218
299
380
44
342
489
165
234
123
342
495
101
422
403
288
185
68
410
299
24
13
411
165
96
368
389
477
188
147
45
21
365
344
400
260
185
241
424
419
215
117
413
315
38
167
455
74
234
364
224
109
376
487
126
324
354
14
300
393
160
196
414
376
39
165
135
76
405
410
346
120
26
258
286
415
276
240
340
10
103
416
470
331
402
95
154
255
108
305
147
268
500
60
495
391
225
482
466
481
391
311
100
269
420
386
35
195
477
227
56
80
142
26
262
395
120
267
149
228
71
147
347
422
207
341
164
283
174
129
263
65
291
215
185
210
452
71
257
428
297
312
359
290
337
472
184
309
238
332
36
160
331
234
82
37
426
97
171
100
226
285
16
16
499
52
78
302
122
334
82
419
145
292
60
334
264
244
142
1
427
29
13
257
262
446
145
187
42
315
138
267
100
153
135
450
204
212
252
178
45
185
96
41
476
7
374
239
250
15
92
29
395
104
137
156
49
282
195
90
448
184
209
47
337
343
349
392
54
452
69
450
136
16
490
463
23
216
202
124
230
145
4
477
248
141
132
148
422
178
89
369
362
297
268
50
139
468
441
44
419
10
345
406
377
335
368
251
50
421
375
131
65
378
107
164
18
91
163
291
268
252
12
481
48
131
30
39
98
471
82
368
332
427
125
60
113
344
311
14
265
185
496
181
414
103
197
284
45
359
74
164
110
437
145
158
67
26
196
164
496
129
383
179
407
7
91
371
351
401
384
467
437
380
147
350
334
195
133
378
54
59
393
163
495
37
172
62
63
219
77
410
200
460
441
458
466
31
329
168
283
212
134
219
443
133
420
128
327
53
357
380
463
250
395
309
138
418
370
200
489
299
462
188
110
254
145
75
136
473
95
418
37
228
488
331
360
407
459
187
311
315
418
273
64
164
82
54
82
303
105
70
453
66
109
62
171
105
489
306
430
83
75
466
310
62
148
170
469
106
208
279
273
125
404
188
289
337
241
222
491
346
143
444
263
103
5
286
207
493
443
136
75
18
453
237
431
101
258
251
58
465
382
182
441
285
370
81
121
462
154
111
159
296
406
274
398
411
59
457
255
1
92
182
370
397
418
301
497
27
51
406
491
432
440
283
68
161
364
40
122
17
3
133
165
408
406
414
170
464
370
425
464
314
458
186
210
227
486
58
253
388
315
95
172
254
377
239
414
92
279
388
461
281
20
125
188
425
390
210
388
112
486
203
425
443
240
486
21
225
395
273
113
209
219
136
463
95
374
376
39
152
263
499
284
134
475
324
58
364
33
297
327
18
352
103
312
91
88
332
316
482
456
280
191
174
415
5
120
140
232
158
144
347
156
427
480
482
102
38
198
486
334
24
355
37
127
166
128
214
349
295
48
156
426
90
181
192
94
301
331
177
310
474
23
318
253
3
299
206
392
496
192
77
20
46
114
498
64
241
63
264
387
110
420
312
51
100
3
144
252
185
321
62
159
195
379
263
49
29
468
440
25
159
17
396
57
482
245
120
222
307
383
460
269
154
271
319
106
125
315
357
309
487
418
319
181
148
81
230
177
401
169
53
411
37
300
467
18
44
438
91
350
173
50
470
326
172
289
431
296
103
288
457
89
57
275
269
57
208
350
233
460
371
137
370
407
436
189
425
479
126
15
180
298
417
150
476
88
290
406
236
392
45
192
332
454
318
100
10
377
302
242
336
172
230
206
78
165
246
354
495
371
221
26
21
137
175
496
76
316
253
311
207
150
354
38
103
172
490
112
48
291
205
236
462
434
293
391
450
38
245
444
408
465
469
280
453
496
127
28
311
232
191
370
381
44
259
335
67
248
446
467
390
2
202
203
287
494
94
236
31
190
179
