496
1728
543
1511
1073
1984
1766
1134
1068
15
1023
357
1380
1447
1757
1442
1476
13
707
1985
847
513
1940
525
551
708
658
575
554
1316
1112
1218
1394
1391
1428
1317
959
1388
1290
1463
1085
1878
887
633
1048
1621
1693
517
619
675
1458
1137
650
1094
1086
910
1355
151
477
1671
1583
1209
934
1353
679
796
172
1894
255
1433
236
1814
1734
578
403
694
1538
1069
1117
1567
1179
1019
773
1529
232
1467
1928
656
266
1161
1959
1162
1195
1646
1056
1528
469
711
1422
1970
739
662
1418
404
695
1464
433
1826
833
1861
1680
1799
228
937
751
969
1730
212
1352
160
22
1926
539
1905
330
115
1080
617
1886
1633
1345
1286
1241
520
1063
685
277
1524
1772
1695
930
1022
1507
1122
1570
1516
1953
1336
800
1702
1689
1277
582
449
1994
83
1682
413
1252
509
36
1664
1253
1512
1212
1520
875
655
1786
782
1986
638
1505
874
94
579
677
1416
783
68
111
46
352
623
524
1987
350
278
576
511
9
935
103
706
612
1694
1522
1915
863
1500
359
1150
1324
1037
1595
371
1443
663
1602
1243
468
120
1631
1971
384
768
424
455
19
555
1457
1771
59
273
1389
21
923
1265
241
953
1591
728
480
10
1779
156
1439
1017
1794
1697
534
1789
146
1119
1685
209
1283
1790
995
1084
1684
147
1704
1041
1444
673
1807
1998
665
712
1858
741
853
443
1438
1404
270
722
385
1526
1950
901
1087
1724
298
353
308
1919
225
1494
994
1665
1487
1323
1622
941
988
1568
1558
1854
1676
546
1373
201
903
1795
247
1934
1304
933
1018
1153
1699
1032
1225
1390
640
1656
829
690
157
1060
128
1502
1282
719
1047
661
1604
1683
1962
119
1670
548
1594
1544
1846
1178
344
1658
904
1989
488
1327
1176
1750
70
1910
1561
1944
17
1873
1888
1344
1099
861
1441
181
1141
258
261
1268
1453
1957
1667
1008
883
503
406
431
1256
139
4
1580
1058
1736
1238
1118
1988
96
1451
1540
804
1758
1554
925
1384
130
974
1611
442
1756
592
621
467
1133
178
259
601
1719
1483
982
1557
645
1009
322
251
333
1899
365
1608
1551
1098
1641
493
141
587
78
378
292
1199
803
1876
62
346
954
1220
1374
1396
1901
595
1242
215
593
1920
1503
1887
1495
192
1095
1818
589
20
710
1569
1952
911
1412
233
272
1615
1686
1192
341
376
1573
788
1906
1640
1691
825
529
391
268
1836
1643
1963
1816
1357
907
167
672
609
8
850
1478
1350
1765
885
332
1172
909
776
1491
1717
1996
65
1590
31
793
466
84
1347
1285
1735
296
1174
425
1184
260
1932
736
670
38
152
1044
231
550
1231
45
1775
1236
735
556
367
1835
1738
1582
254
1255
165
989
1004
1705
898
1149
1372
362
1831
1648
868
1624
40
462
1329
1739
1969
1305
1550
1408
1916
1105
1012
1618
1338
1778
1749
306
283
886
1102
1049
454
1110
1924
532
1386
290
1010
1123
1034
961
1843
770
1523
470
345
1414
646
1951
253
502
16
416
1803
224
844
361
691
1499
1383
1556
1690
1055
1319
560
1716
1155
573
1279
964
1896
784
1801
1053
210
289
807
382
985
997
279
1397
1995
390
976
1021
718
787
1628
567
1377
414
1961
1310
1552
753
947
1875
1729
293
1070
568
150
394
51
1429
519
1409
5
1743
1484
405
95
1111
591
161
559
1501
381
845
1545
154
242
1083
99
747
926
993
888
616
1367
1318
742
1059
1096
324
1616
1130
1659
818
1880
854
1260
79
1378
274
1661
537
737
402
1925
1745
1889
1770
1555
1841
294
1452
203
598
1751
1200
1652
1600
369
1577
884
763
1515
303
608
24
355
1395
56
1531
114
1936
1264
464
440
500
1991
1359
1708
979
1449
1663
1874
1232
307
873
134
797
389
1298
912
1571
693
1761
1844
1534
565
1180
1741
717
1620
1474
317
1727
1714
1769
1879
814
1760
1365
698
835
1923
1566
984
504
1314
660
1278
1392
569
1183
501
902
1131
1635
574
1907
1546
1139
60
1371
858
81
919
1204
1581
1221
618
977
1711
363
588
1393
1456
1681
786
523
580
372
48
301
441
822
872
841
1217
1157
489
1066
1655
795
1824
386
965
1297
1504
410
1707
1965
42
186
758
778
411
331
1038
348
1437
1630
1537
1720
145
1167
696
512
1460
149
1190
510
23
335
1461
176
1406
34
765
1303
1295
943
1492
1514
1810
213
749
1182
1042
1171
1462
471
208
1960
1754
80
1647
1645
1968
1328
777
1101
1921
1773
1346
1946
878
1219
1413
944
214
676
486
1863
1124
1246
171
1251
1931
1822
71
1230
1614
63
528
505
223
407
1605
123
1832
206
915
226
1666
269
600
1638
33
1785
409
44
57
668
642
1208
1543
815
1607
507
1146
1895
1913
1521
256
827
950
1651
664
1509
39
1882
1320
1884
821
1030
1446
349
249
748
438
840
399
809
140
1
1941
473
1662
1979
287
750
1781
107
526
75
732
1812
196
533
340
219
1214
1527
757
700
132
606
785
1808
73
275
1565
942
280
1301
1733
472
703
1107
67
1804
1698
122
1020
991
1857
136
358
764
1420
1722
1819
1331
1599
1759
197
1169
74
187
37
1074
629
577
1473
240
819
1820
955
962
1114
811
116
1035
1937
1213
248
1398
1293
1407
1061
699
1706
1748
26
1625
1024
871
1163
124
166
1405
681
199
680
109
1168
88
1890
1710
1249
93
627
445
702
217
351
1753
1349
798
1325
1281
1862
1837
715
558
657
1865
465
1688
158
1187
1411
628
564
999
1369
996
1481
506
585
451
262
1435
50
1897
1939
924
460
169
364
1597
1966
25
1535
336
1469
648
1148
271
723
759
857
216
1173
1263
634
1541
1687
549
1116
654
791
1104
1908
688
1519
1639
830
1922
596
826
1902
393
1335
195
288
35
1280
118
1715
713
1872
1090
998
705
126
968
536
1776
1859
446
1871
927
1259
18
772
1869
1885
61
1054
1713
1154
482
1402
610
952
761
570
396
1596
309
1448
730
1007
1051
913
1072
1974
483
64
76
1904
1696
1011
1147
174
1421
1211
975
541
106
1356
207
823
1358
491
311
1071
1240
1036
1403
1423
1703
931
43
553
1196
1833
1121
397
1981
1828
1673
572
1424
1258
1366
852
1813
484
1028
1454
583
767
1300
276
1677
1198
714
729
1627
1062
415
514
615
631
375
211
820
6
837
895
604
709
1977
1185
945
1576
834
899
1506
1644
624
547
437
198
1723
495
343
876
635
1440
282
597
659
421
1982
447
218
697
1226
1964
291
939
590
1848
1160
1076
1747
1237
980
474
1553
412
383
1067
756
1382
314
1175
205
1609
780
1791
1189
423
1668
401
716
457
1191
1426
1488
816
1480
304
1479
52
1108
1539
1603
1827
1530
752
1223
754
1247
1883
1266
347
1472
949
436
334
1262
1215
1164
762
1793
1585
133
1742
916
1536
1586
839
1142
990
1997
189
86
110
1227
299
1867
894
1016
463
1315
1269
1792
1003
380
1593
1138
1947
1158
1006
651
726
1343
1115
1306
388
900
1842
1299
1746
1811
302
1493
1508
1967
1929
1400
1270
1261
843
264
1228
1549
1275
476
3
866
1762
1475
1542
1574
948
774
689
958
53
1584
1128
313
243
869
738
1375
1064
1065
891
515
1339
1839
666
159
831
1144
1525
450
849
131
177
452
647
973
1777
1203
1626
1078
794
121
1881
922
987
544
1725
516
1718
1726
607
1013
649
1385
487
620
129
1050
1797
453
30
1533
32
202
434
1796
1159
318
1287
879
963
1092
312
1830
1308
377
7
49
599
263
143
1744
594
1430
1774
101
1233
602
1125
1291
168
824
1351
889
66
82
1005
1224
105
908
426
245
846
1973
1043
220
374
920
267
1284
1477
1363
494
1868
1307
1077
686
1309
671
1000
1100
193
1361
175
967
687
238
1800
1434
1978
812
184
1337
921
1459
2
632
743
55
1093
354
870
285
1513
1466
802
1990
1348
605
682
625
1088
246
125
1289
90
1151
1001
992
1579
1419
475
1322
882
1132
906
1489
191
1026
1292
1532
387
790
1660
194
940
1877
1914
1975
1081
135
1254
832
458
1619
1040
1445
459
1166
678
881
746
1425
14
1578
1612
1052
1229
112
603
540
481
1972
1674
639
98
1589
329
805
182
1330
180
1948
1401
1845
643
91
1313
1654
72
1033
674
1490
417
1763
300
328
860
1809
148
1560
229
316
1245
1354
398
1510
1206
848
1933
1669
880
1909
497
1334
792
1992
966
862
370
1911
295
557
1821
418
914
1257
1410
957
1805
1312
188
1321
1039
27
1636
683
1152
422
234
461
1825
104
538
1949
185
170
779
1856
1855
584
936
1326
828
1002
162
1450
286
983
731
1235
69
1126
237
1288
918
58
951
1700
1958
163
1548
1089
1588
429
490
1575
1767
1632
1193
1470
1294
320
611
1935
684
1057
892
581
1205
337
1399
1918
1471
1562
1847
721
373
810
1427
1657
1145
368
641
498
97
1186
1140
522
1675
1610
1930
1912
1271
392
1201
971
692
1806
250
1239
981
1892
479
1787
636
327
1782
614
740
297
428
531
1498
1701
893
29
535
1417
1379
1917
1653
1559
928
427
323
972
1027
1244
586
1274
1250
1194
339
1764
1079
1376
92
1983
1381
760
1927
789
1870
771
720
138
1370
1311
745
1721
230
153
492
1170
395
235
1222
637
1601
1106
173
851
485
653
1945
284
190
808
1850
1954
1248
265
725
1113
1342
183
1642
1415
1900
630
1496
956
1564
896
430
562
801
179
142
1025
1955
1135
1623
1780
1332
1572
1547
1938
448
867
1216
855
1188
1755
478
1943
1637
227
113
164
1823
1815
1783
527
1296
864
946
1276
1497
1768
1210
1387
1849
155
622
108
769
47
626
1340
1866
704
1431
929
1129
439
545
1852
1202
432
1692
1136
766
1181
970
1860
1737
325
1165
1197
724
1127
1177
960
1993
127
552
905
1679
652
1465
1485
1598
408
734
1649
856
1891
400
1829
321
1672
1834
1802
1097
1864
859
1587
85
435
1898
117
566
1563
613
1272
1712
1436
1518
1788
1740
755
727
775
817
1156
102
986
12
1650
813
1362
221
938
77
1893
1853
1942
200
1015
1617
1798
781
1045
1976
1046
144
28
11
806
669
1267
54
932
542
204
1333
744
360
315
1731
89
1956
1482
1273
1455
1432
799
521
1120
1468
1517
456
338
419
1678
518
1606
508
310
1075
897
319
379
252
1031
1341
1838
356
701
644
1732
667
137
1817
1486
342
305
1629
530
836
838
842
499
1364
239
978
1302
1029
1143
87
1634
444
326
561
2000
420
1091
366
563
244
877
571
100
41
1360
1980
1207
1234
222
733
1709
1109
1999
890
865
1840
1784
1752
1014
1368
1592
1103
1903
257
917
1082
1613
281
1851
